0 0.454609 0.251397 0.143855 0.126629
0 0.793296 0.505587 0.120112 0.094972
0 0.782123 0.369646 0.142458 0.143389
0 0.594845 0.460471 0.161249 0.172676
0 0.916709 0.667005 0.068563 0.365668
0 0.911630 0.247164 0.126968 0.121889
0 0.084434 0.131200 0.085069 0.110039
1 0.284916 0.835196 0.268156 0.314711
2 0.148743 0.531657 0.065642 0.109870
2 0.328911 0.462756 0.071229 0.094972
2 0.326816 0.351955 0.044693 0.067039
2 0.105447 0.236499 0.062849 0.067039
2 0.726257 0.697393 0.075419 0.087523
2 0.647346 0.676909 0.054469 0.054004
2 0.756285 0.966480 0.046089 0.055866
2 0.777933 0.060521 0.064246 0.091248
2 0.553073 0.054004 0.047486 0.085661
2 0.325419 0.052142 0.044693 0.048417
2 0.951816 0.134078 0.057263 0.081937
2 0.035615 0.269088 0.060056 0.109870