1 0.365922 0.283985 0.265363 0.329609
1 0.893156 0.564246 0.054469 0.067039
1 0.962989 0.931099 0.054469 0.093110
1 0.550279 0.586592 0.039106 0.055866
1 0.586592 0.814711 0.027933 0.057728
0 0.061453 0.062384 0.103352 0.109870
0 0.150838 0.302607 0.092179 0.154562
0 0.162709 0.512104 0.082402 0.145251
0 0.209497 0.961825 0.069832 0.076350
0 0.301676 0.844507 0.086592 0.087523
0 0.726257 0.574488 0.100559 0.109870
0 0.880587 0.847300 0.079609 0.078212
0 0.585196 0.689013 0.089385 0.108007
0 0.163408 0.092179 0.064246 0.087523
2 0.321927 0.550279 0.074022 0.080074
2 0.368017 0.669460 0.046089 0.061453
2 0.315642 0.743017 0.050279 0.048417
2 0.635475 0.958101 0.055866 0.076350
2 0.776536 0.648045 0.005587 0.011173
2 0.795391 0.671322 0.040503 0.035382
2 0.873603 0.171322 0.057263 0.100559
2 0.722765 0.084730 0.104749 0.121043
2 0.235335 0.651769 0.104749 0.100559
2 0.666201 0.406890 0.064246 0.083799
2 0.866620 0.940410 0.040503 0.052142
2 0.159916 0.884544 0.062849 0.040968