1 0.358240 0.497207 0.297486 0.327747
0 0.043296 0.196462 0.050279 0.102421
0 0.542598 0.939479 0.076816 0.087523
0 0.063547 0.657356 0.062849 0.104283
0 0.395950 0.085661 0.060056 0.059590
0 0.770950 0.068901 0.092179 0.096834
0 0.844972 0.869646 0.089385 0.096834
0 0.983939 0.500000 0.032123 0.150838
2 0.768855 0.510242 0.096369 0.122905
2 0.529330 0.811918 0.173184 0.141527
2 0.160615 0.899441 0.092179 0.100559
2 0.523743 0.157356 0.041899 0.065177
2 0.563547 0.438547 0.057263 0.109870
2 0.940642 0.133147 0.057263 0.065177
2 0.665503 0.675978 0.054469 0.074488
2 0.671089 0.903166 0.076816 0.130354
2 0.750698 0.972998 0.048883 0.039106
2 0.863827 0.352886 0.087989 0.098696