0 0.075419 0.270950 0.108939 0.158287
0 0.055168 0.816574 0.096369 0.165736
0 0.539804 0.442272 0.079609 0.109870
0 0.225559 0.662011 0.113128 0.132216
0 0.555168 0.770950 0.107542 0.130354
0 0.291201 0.264432 0.110335 0.081937
0 0.522346 0.210428 0.150838 0.145251
0 0.719274 0.300745 0.136872 0.150838
0 0.789804 0.695531 0.104749 0.102421
0 0.909916 0.414339 0.090782 0.117318
0 0.254190 0.089385 0.089385 0.085661
1 0.679469 0.101490 0.283520 0.202980
1 0.946927 0.617318 0.033520 0.050279
2 0.442039 0.629423 0.096369 0.115456
2 0.168296 0.894786 0.076816 0.076350
2 0.079609 0.467412 0.044693 0.055866
2 0.323324 0.351024 0.048883 0.046555
2 0.439246 0.409683 0.065642 0.093110
2 0.275140 0.822160 0.083799 0.117318
2 0.465084 0.960894 0.086592 0.078212
2 0.748603 0.955307 0.083799 0.089385
2 0.840084 0.905028 0.068436 0.100559
2 0.932961 0.806331 0.055866 0.093110
2 0.691341 0.444134 0.072626 0.061453
2 0.180168 0.200186 0.075419 0.106145