0 0.035335 0.460894 0.064525 0.127002
0 0.165922 0.597114 0.132123 0.129050
0 0.680587 0.140317 0.125978 0.153631
0 0.475489 0.088082 0.158240 0.135196
0 0.948673 0.247858 0.075279 0.065549
0 0.944832 0.135196 0.076816 0.127002
0 0.815014 0.537709 0.069134 0.124953
0 0.457053 0.953538 0.050698 0.079888
0 0.043785 0.077840 0.075279 0.090130
0 0.055307 0.177188 0.101397 0.083985
0 0.189735 0.375885 0.069134 0.083985
1 0.606075 0.558194 0.308799 0.366667
2 0.393296 0.841899 0.119832 0.131099
2 0.198953 0.788641 0.081425 0.106518
2 0.074511 0.810149 0.084497 0.145438
2 0.066061 0.932030 0.092179 0.077840
2 0.722067 0.854190 0.116760 0.106518
2 0.805796 0.960708 0.106006 0.073743
2 0.306494 0.248883 0.102933 0.129050
2 0.414036 0.280633 0.075279 0.106518
2 0.923324 0.551024 0.101397 0.151583
2 0.951746 0.828585 0.087570 0.145438
2 0.096020 0.283706 0.102933 0.075791